                         Brno
                                           v objemu
6 305   .

            je spolu s
V

                            objemu 6 305
ORJ           pol.        ORG
                                  k 05.05.2026
8200   1014   5169   81                     145     141       286
                           6210             134      30       164
                           6433               0     111       111
8200   5311   5169   81                   5 101   5 000    10 101
                           6211           5 016   1 100     6 116
                           6434               0   3 900     3 900
8200   5311   5499   81    7820          15 620     314    15 934
8200   5311   5169   82                     235       50      285
                           6212             235      50       285
8200   5311   5171   82    7820           1 291     800     2 091
8200   5311   5169   83                     189       19      208
                           6215             189      19       208
8200   5311   5175   83    7820              33      -19       14

ORJ           pol.        ORG
                                  k 05.05.2026
1700          8115                                6 305     6 305
